5.1981162643
8.4136102295
9.9798974609
13.8545312500
15.7467187500
17.1615625000
19.6537500000
21.6600000000
24.1600000000
25.6600000000
27.1600000000
28.6600000000
31.8600000000
32.7600000000
34.3600000000
36.4600000000
37.3600000000
39.5600000000
41.6600000000
43.3600000000
44.2600000000
45.4600000000
47.7600000000
49.5600000000
50.9600000000
52.3600000000
53.9600000000
55.3600000000
56.2600000000
59.0600000000
60.3600000000
61.2600000000
62.8600000000
64.0600000000
65.8600000000
67.6600000000
68.6600000000
70.8600000000
71.5600000000
72.7600000000
74.0600000000
76.2600000000
77.8600000000
78.9600000000
79.7600000000
81.5600000000
82.9600000000
83.8600000000
85.9600000000
87.5600000000
88.5600000000
89.9600000000
90.6600000000
92.0600000000
94.5600000000
95.3600000000
96.5600000000
98.0600000000
99.3600000000
