5.1981161995
8.4136109915
9.9798959021
13.854542874
15.746869408
17.161416544
19.651224233
21.65252507
24.15466454
25.684394586
27.13547138
28.644527538
31.847746638
32.747390633
34.350441222
36.447983987
37.379531679
39.574672238
41.633690168
43.330444112
44.259257195
45.463951639
47.758291072
49.543555604
50.973312522
52.357844783
53.974621206
55.355355217
56.271265512
59.105427817
60.36407564
61.244299512
62.830725851
64.051893686
65.881383824
67.645316436
68.653503785
70.815039627
71.552403842
72.759717526
74.031149459
76.263907683
77.818107402
78.987561899
79.721471158
81.560971687
82.998633726
83.901293414
85.97104749
87.513538364
88.518620956
89.987866599
90.687056375
92.081429938
94.524492374
95.352661188
96.552940269
98.010792926
99.397240589
100.29793194
101.69126838
103.15574758
105.30833369
106.00309151
107.41265568
107.85483998
109.84117246
110.95468347
112.75400287
113.90425337
115.03585501
116.48852849
117.9362421
118.3350206
119.66636955
122.05754887
123.064331
124.06274411
125.35131481
126.2564105
127.73260271
129.10629436
130.35034895
131.68829192
133.37902081
134.38711695
135.05032036
136.54587465
137.36483621
139.39347496
140.93835473
141.82971647
142.48290732
144.22976753
145.48073012
146.23389477
147.49092822
149.44432319
150.4259937
152.00108247
152.55230124
153.82237168
156.56766364
157.83801758
158.89490315
160.13534819
161.35945805
162.47806807
163.54871576
164.6409248
165.61863621
167.90067751
168.87948382
169.6624556
170.67110133
171.8586813
173.30466109
174.11029303
176.06639873
176.75340769
178.15000534
179.4858986
180.65008353
181.25190037
182.17114759
183.90951675
186.36021002
187.77037819
188.46191735
189.57827855
191.18250441
191.97597736
193.1059238
194.60316117
196.32519643
196.85827648
198.00862869
199.10035633
199.94701084
201.15330007
203.11900566
204.14122598
204.9593237
205.93316658
208.05048247
209.5101315
210.28703558
211.99517408
213.34827944
214.61100973
215.59969031
216.13140446
217.28507688
218.66370442
