6.1835782623
8.4572290039
12.6749414063
14.8250390625
17.3381250000
18.9975000000
22.4600000000
24.3600000000
25.5600000000
27.9600000000
30.4600000000
32.1600000000
34.4600000000
35.4600000000
37.2600000000
40.3600000000
41.5600000000
42.9600000000
44.8600000000
46.5600000000
48.4600000000
50.6600000000
51.9600000000
53.4600000000
54.4600000000
57.2600000000
58.8600000000
60.0600000000
61.6600000000
63.5600000000
64.3600000000
66.7600000000
68.6600000000
69.8600000000
70.8600000000
72.4600000000
74.3600000000
76.4600000000
77.1600000000
79.2600000000
80.4600000000
81.6600000000
82.9600000000
85.6600000000
86.6600000000
87.8600000000
89.1600000000
90.6600000000
92.3600000000
93.8600000000
95.5600000000
96.8600000000
98.3600000000
99.0600000000
