1.6204958296
2.7019182587
4.4680506134
5.8273361969
7.5639764404
8.4687936401
9.7606066895
10.7008129883
12.4987841797
13.6080468750
14.3994921875
15.3886718750
16.8870312500
18.0934375000
18.8612500000
20.4200000000
21.0400000000
21.8000000000
23.5700000000
24.5300000000
25.4900000000
26.2100000000
27.3300000000
28.4500000000
29.8100000000
30.3700000000
31.6500000000
32.2900000000
33.6500000000
34.1300000000
35.8900000000
36.6900000000
37.2500000000
38.2100000000
39.3300000000
40.6100000000
41.2500000000
42.3700000000
43.2500000000
44.2900000000
44.7700000000
46.2100000000
47.3300000000
47.9700000000
49.0900000000
49.6500000000
50.4500000000
52.1300000000
52.6900000000
53.6500000000
54.3700000000
55.5700000000
56.1300000000
57.1700000000
58.2100000000
59.6500000000
59.8100000000
60.7700000000
61.5700000000
62.8500000000
63.7300000000
64.6900000000
65.5700000000
66.0500000000
67.2500000000
68.0500000000
69.0100000000
