0.9184623623
2.5155098200
5.1065294266
6.2355776978
7.3439575195
9.0109790039
10.1900610352
10.9137646484
12.2536425781
13.5174609375
15.4184375000
16.3262500000
17.5437500000
17.9450000000
19.0837500000
20.6950000000
21.4550000000
22.7000000000
24.1300000000
24.9300000000
26.2100000000
27.0100000000
28.3700000000
28.9300000000
29.5700000000
30.8500000000
32.8500000000
33.4100000000
34.2900000000
35.2500000000
36.2100000000
37.1700000000
38.1300000000
39.2500000000
39.9700000000
41.3300000000
42.0500000000
43.6500000000
44.5300000000
45.0100000000
45.9700000000
46.8500000000
47.7300000000
48.8500000000
50.0500000000
51.2500000000
52.1300000000
52.7700000000
53.4100000000
54.8500000000
55.7300000000
56.5300000000
57.2500000000
57.8900000000
59.4900000000
