1.6232141209
3.5473014927
6.5083219910
8.0701354980
9.1120947266
10.4532763672
12.2159472656
14.0950781250
15.3984375000
16.7153125000
18.3087500000
19.3600000000
20.3950000000
21.5400000000
23.7500000000
25.1700000000
25.8100000000
27.1700000000
28.0500000000
29.8100000000
30.5300000000
32.2100000000
33.3300000000
34.8500000000
35.9700000000
36.7700000000
38.0500000000
38.4500000000
40.3700000000
41.9700000000
43.0100000000
43.6500000000
44.9300000000
45.9700000000
47.4100000000
48.0500000000
49.1700000000
50.6100000000
52.0500000000
53.1700000000
53.9700000000
54.9300000000
55.8100000000
56.8500000000
58.2900000000
59.6500000000
60.6100000000
61.5700000000
62.5300000000
63.9700000000
64.6100000000
65.7300000000
66.4500000000
67.6500000000
69.6500000000
70.1300000000
71.4100000000
72.1300000000
72.7700000000
74.2100000000
75.0900000000
76.3700000000
77.3300000000
78.5300000000
79.4900000000
