6.1835781955
8.4572291744
12.674946417
14.82502557
17.337802107
18.998588042
22.487584583
24.365279775
25.5311868
27.982756936
30.463640688
32.195159689
34.457228785
35.490893179
37.271950575
40.396114852
41.536456758
42.992085443
44.826175971
46.590161018
48.477846644
50.664210391
51.977053468
53.442232173
54.485442389
57.297931754
58.893672956
60.028486647
61.699283267
63.519620294
64.347461951
66.768713987
68.678953342
69.882707483
70.866530398
72.432090425
74.396614138
76.426419556
77.191991669
79.266158024
80.410013191
81.660321275
82.996677294
85.660014861
86.68096632
87.881636095
89.124093195
90.681024569
92.36570983
93.818575174
95.549930192
96.872205795
98.384069232
99.079661745
100.51424556
102.99710962
104.10907811
105.51746453
106.2886955
108.43728563
109.08824496
110.80204552
112.52993781
114.20682709
115.33923823
116.22921584
117.48761184
119.08095695
121.23976256
122.07872731
123.34688345
124.98239929
126.0343104
127.35101949
128.35857842
130.67812356
132.15258692
132.73190651
134.33819237
135.03914512
136.99462121
138.29448367
139.88250807
140.96627515
142.58288054
143.61260901
144.83203724
145.53632636
147.88420564
149.34681575
150.54589375
151.15969123
152.71677244
154.19069654
155.1285441
156.84368908
158.12634935
159.82491024
160.80023355
161.69116986
162.92168979
164.09943502
166.39949819
167.25998481
168.38268551
169.61798482
170.98331615
172.17008852
173.17219013
174.53007758
176.84062696
177.22953217
178.98840638
179.45137156
180.69509988
182.29803424
183.80962486
185.12528366
186.21358204
187.4179454
188.97158782
189.7850895
190.62456741
192.21588832
194.18657893
195.26119135
196.31121309
197.02558989
198.55248915
199.7716056
200.98640564
202.60503206
203.50673117
205.3361939
206.11488979
207.14142887
208.40488272
209.08288573
211.39687814
212.63748348
213.44805293
214.5814083
215.81839577
217.00026186
218.43825788
218.97972056
