6.1835781960
8.4572291756
12.6749464126
14.8250255675
17.3378021049
18.9985880370
22.4875845809
24.3652797799
25.5311867995
27.9827569389
30.4636406898
32.1951596932
34.4572287841
35.4908931832
37.2719505792
40.3961148553
41.5364567566
42.9920854378
44.8261759758
46.5901610184
48.4778466415
50.6642103858
51.9770534706
53.4422321701
54.4854423904
57.2979317574
58.8936729522
60.0284866524
61.6992832656
63.5196202950
64.3474619484
66.7687139893
68.6789533424
69.8827074814
70.8665303993
72.4320904260
74.3966141419
76.4264195533
77.1919916725
79.2661580276
80.4100131889
81.6603212738
82.9966772933
85.6600148582
86.6809663200
87.8816360955
89.1240931992
90.6810245705
92.3657098289
93.8185751724
95.5499301910
96.8722057915
98.3840692329
99.0796617408
